[23, 14, 0, 0, -0.03581744047489521]
[51, 37, 2, 0, 0.10606109223662939]
[11, 7, 0, 0, 0.023566953044773815]
[0, 10, 2, 0, -0.061890771615921165]
[39, 11, 1, 0, 0.1893959007388244]
[18, 19, 1, 0, 0.01857657155145552]
[57, 41, 2, 0, 0.004329820594559475]
[53, 59, 0, 0, 0.02867041854944944]
[40, 17, 0, 0, 0.05045834255730568]
[40, 41, 0, 0, -0.07722989290546017]
[20, 59, 1, 0, -0.16412836052875768]
[55, 47, 1, 0, -0.04844400024277085]
[54, 8, 1, 0, 0.21235501439706056]
[15, 46, 2, 0, -0.3143436311928732]
[33, 23, 2, 0, 0.1565627401638264]
[39, 45, 0, 0, -0.08414595831445616]
[29, 34, 0, 0, -0.05219907215035477]
[49, 61, 1, 0, 0.024054925599619418]
[29, 41, 0, 0, -0.06943825385824709]
[38, 56, 1, 0, -0.06877422299299289]
[61, 53, 0, 0, -0.09653266152754254]
[1, 57, 1, 0, -0.2502449952989177]
[41, 16, 0, 0, 0.14648336762160127]
[51, 34, 2, 0, 0.08811637435759534]
[42, 27, 0, 0, 0.0653769169938095]
[11, 26, 2, 0, -0.21395570688021565]
[30, 14, 1, 0, 0.16362664253519177]
[57, 17, 1, 0, 0.1307533400260464]
[50, 4, 2, 0, 0.335765491566826]
[13, 33, 1, 0, -0.18908099690731794]
[11, 28, 1, 0, -0.14798165491762222]
[59, 4, 1, 0, 0.24305666297124814]
[18, 14, 2, 0, 0.0809510017484937]
[7, 29, 1, 0, -0.18531828188236665]
[16, 42, 0, 0, -0.15650702174768633]
[24, 3, 0, 0, 0.05967941334586142]
[12, 10, 2, 0, -0.01329877781722823]
[38, 28, 1, 0, 0.1044689752604844]
[32, 36, 1, 0, 0.009193032804124967]
[18, 55, 2, 0, -0.2656537380967999]
[14, 61, 2, 0, -0.24640486811613302]
[34, 50, 2, 0, -0.11581560456610482]
[49, 44, 1, 0, 0.05568147599474085]
[30, 48, 2, 0, -0.18603052916382973]
[49, 22, 0, 0, 0.10788927128620526]
[7, 36, 1, 0, -0.19558794666504567]
[5, 46, 2, 0, -0.35122924489465224]
[6, 15, 1, 0, -0.016146618792051353]
[32, 2, 0, 0, 0.08164752833118886]
[14, 55, 1, 0, -0.20297912576402755]
[61, 40, 0, 0, -0.01808864171835501]
[61, 6, 0, 0, 0.12400660953645244]
[45, 60, 0, 0, 0.047212999392175936]
[6, 58, 2, 0, -0.30125297525812933]
[33, 39, 2, 0, -0.010102273029064562]
[13, 45, 1, 0, -0.2464287168321602]
[44, 3, 2, 0, 0.31554572522530083]
[14, 55, 0, 0, -0.08942408571515638]
[48, 6, 0, 0, 0.11952181506638622]
[25, 33, 2, 0, -0.18048156467833104]
[28, 48, 2, 0, -0.23119816432903806]
[31, 18, 2, 0, 0.12956117614433996]
[21, 27, 2, 0, -0.1181020539314792]
[45, 35, 0, 0, 0.021289551423770887]
[56, 31, 2, 0, 0.179136348203335]
[26, 33, 2, 0, -0.16622883923785559]
[49, 61, 2, 0, 0.00045595480088367346]
[30, 2, 2, 0, 0.21341264582027303]
[30, 25, 0, 0, -0.00031793615096792143]
[45, 47, 0, 0, 0.05404903339107462]
[47, 44, 2, 0, 0.015308712871944146]
[9, 29, 0, 0, -0.08667091490896105]
[7, 37, 1, 0, -0.22926091567075993]
[10, 22, 2, 0, -0.10754419474396018]
[7, 37, 2, 0, -0.2688752807288859]
[4, 6, 0, 0, 0.009522361702708851]
[51, 13, 1, 0, 0.2136645394517952]
[59, 4, 2, 0, 0.3149285849423817]
[33, 4, 1, 0, 0.23631144223892023]
[56, 13, 1, 0, 0.22135791370922028]
[8, 14, 0, 0, -0.011796329802119728]
[45, 3, 1, 0, 0.2588417302604954]
[23, 35, 0, 0, -0.10915680636819046]
[34, 31, 1, 0, 0.06305872391340567]
[5, 6, 1, 0, -0.010155884375781651]
[44, 61, 1, 0, -0.014039208535555101]
[46, 24, 1, 0, 0.11582432301633953]
[38, 46, 1, 0, -0.0793723803539276]
[59, 39, 1, 0, 0.0352532961065463]
[8, 13, 2, 0, 0.029789088028128338]
[35, 4, 2, 0, 0.2888875637494934]
[60, 55, 0, 0, -0.00459198499228542]
[47, 26, 1, 0, 0.10898371991820986]
[27, 30, 0, 0, -0.0046032866963228725]
[23, 46, 2, 0, -0.25684976944671234]
[58, 45, 0, 0, -0.041404845067964845]
[17, 25, 1, 0, -0.14707348944718676]
[43, 59, 2, 0, -0.03476056675859862]
[43, 36, 2, 0, 0.10449311739010188]
[57, 16, 2, 0, 0.21223998988333184]
[25, 12, 1, 0, 0.15471189632280563]
[21, 11, 2, 0, 0.11578887209969979]
[54, 18, 2, 0, 0.26015045665804115]
[49, 22, 1, 0, 0.18924602215496644]
[51, 44, 2, 0, 0.060674860077329744]
[3, 40, 0, 0, -0.11802638192003988]
[6, 42, 0, 0, -0.13828386871826703]
[2, 19, 2, 0, -0.1473178515781193]
[48, 61, 0, 0, 0.016277449597196195]
[42, 41, 0, 0, 0.02525465875965517]
[39, 52, 0, 0, -0.04309234708308367]
[0, 8, 1, 0, -0.13724374133633366]
[53, 37, 2, 0, 0.0873999514668693]
[20, 54, 0, 0, -0.08183717988805146]
[28, 16, 0, 0, 0.06316660885771498]
[24, 15, 2, 0, 0.1461706774163774]
[7, 19, 0, 0, -0.061043539743773044]
[58, 43, 2, 0, 0.0637978211645338]
[15, 20, 2, 0, -0.06220746852127195]
[61, 12, 2, 0, 0.2808176974440151]
[17, 58, 1, 0, -0.1594144550367108]
[49, 29, 0, 90, 0.09036769061538577]
[1, 28, 1, 90, 0.13973018075934213]
[54, 6, 1, 90, -0.013704493928386192]
[32, 33, 2, 90, -0.040892977428677084]
[17, 43, 1, 90, 0.06948231810489004]
[9, 59, 2, 90, 0.11404228329215638]
[48, 12, 2, 90, 0.1751981367500083]
[12, 28, 2, 90, 0.018049202385274896]
[57, 60, 2, 90, 0.13032115211321468]
[54, 12, 0, 90, -0.06626661531015383]
[44, 57, 1, 90, -0.11202183910551992]
[46, 22, 1, 90, -0.008248831301805716]
[48, 10, 2, 90, 0.05859066253050825]
[43, 29, 0, 90, 0.10357193277632351]
[31, 60, 2, 90, -0.23914630253234528]
[20, 13, 0, 90, 0.09693518238226838]
[60, 19, 2, 90, -0.08668019902306204]
[44, 16, 1, 90, -0.11336422457593595]
[12, 34, 1, 90, -0.10002628859868659]
[50, 1, 0, 90, 0.009464292035005909]
[47, 3, 2, 90, -0.2785963813181856]
[43, 30, 2, 90, 0.26000908413384494]
[3, 19, 2, 90, 0.0008191500876509223]
[36, 9, 0, 90, -0.07132815020076153]
[50, 47, 0, 90, 0.1372712685942047]
[6, 50, 2, 90, -0.2465123012310525]
[9, 40, 1, 90, 0.024308446029238866]
[7, 53, 2, 90, -0.10659373872191645]
[34, 7, 0, 90, 0.14999325389174745]
[7, 56, 2, 90, -0.3052729964735646]
[10, 36, 0, 90, 0.06164444976545301]
[48, 34, 2, 90, 0.08215902114459112]
[39, 59, 1, 90, -0.21512297221322924]
[29, 26, 1, 90, -0.20461407745572568]
[41, 23, 0, 90, 0.14167500623486207]
[33, 3, 2, 90, 0.08236006495832107]
[61, 43, 0, 90, -0.1471689684285348]
[52, 6, 2, 90, 0.14545194385394314]
[23, 27, 0, 90, -0.15386556834094467]
[3, 39, 1, 90, 0.21090067463461626]
[41, 54, 0, 90, 0.13425641938266628]
[41, 49, 0, 90, 0.03736518379216208]
[34, 14, 2, 90, 0.23312944429617832]
[55, 5, 1, 90, -0.08780823137074288]
[48, 24, 0, 90, -0.023898434415374283]
[31, 15, 0, 90, 0.004497372801028884]
[28, 61, 1, 90, 0.05448024537298541]
[38, 0, 2, 90, -0.3180909707351697]
[23, 62, 1, 90, -0.05623079573101552]
[1, 36, 2, 90, 0.21747142540571676]
[55, 7, 0, 90, 0.013315880448217556]
[27, 37, 0, 90, 0.10550164942657128]
[48, 49, 1, 90, -0.10015136185911454]
[27, 2, 1, 90, -0.08009445602224032]
[45, 8, 1, 90, -0.18230765844646718]
[37, 39, 0, 90, 0.09703044196686056]
[46, 62, 2, 90, -0.029819625457620975]
[11, 58, 0, 90, -0.024257384476674918]
[11, 26, 0, 90, -0.0520385751917329]
[58, 10, 2, 90, -0.00719174892929352]
[32, 10, 0, 90, -0.03221035040671449]
[44, 14, 2, 90, 0.1550954235994892]
[50, 59, 2, 90, 0.12146190329299734]
[41, 26, 1, 90, 0.030836804243622035]
[61, 30, 1, 90, 0.07763900605753672]
[43, 35, 0, 90, -0.013640734670452301]
[15, 27, 1, 90, -0.2072311892642569]
[49, 29, 1, 90, 0.20337754408926836]
[25, 47, 0, 90, 0.13290409560088925]
[23, 35, 2, 90, -0.2867774594701322]
[44, 14, 1, 90, 0.10644489550538157]
[14, 49, 0, 90, -0.12862437554055745]
[47, 22, 2, 90, -0.05417336233707905]
[9, 6, 1, 90, 0.2514858045682786]
[53, 28, 2, 90, -0.09853683415203299]
[12, 48, 2, 90, -0.17992409920531952]
[10, 59, 2, 90, 0.0758042605069507]
[44, 23, 1, 90, 0.1551349321135944]
[56, 42, 1, 90, -0.025025769216076375]
[23, 4, 0, 90, -0.05625029252977835]
[53, 0, 2, 90, -0.23871268218326247]
[12, 17, 0, 90, -0.08359975040115883]
[11, 15, 2, 90, 0.29704288183537303]
[51, 21, 2, 90, 0.1920308704868107]
[27, 28, 0, 90, 0.062287909157410504]
[21, 28, 2, 90, -0.13500546494448512]
[41, 37, 0, 90, 0.09541804519040768]
[17, 44, 0, 90, 0.06013821957345664]
[7, 3, 0, 90, -0.1766239110638514]
[43, 15, 2, 90, 0.2462716121438692]
[14, 41, 1, 90, -0.21293195984624957]
[4, 3, 2, 90, -0.18013399693907944]
[59, 40, 2, 90, -0.08972958752350375]
[23, 24, 0, 90, -0.1130933461038638]
[47, 28, 1, 90, -0.15135997490816086]
[36, 15, 2, 90, 0.1777640774111129]
[53, 33, 0, 90, -0.11046671238241557]
[46, 14, 1, 90, -0.02012289048536452]
[6, 41, 1, 90, -0.20383083133717478]
[6, 13, 2, 90, -0.15826511339471966]
[60, 42, 2, 90, -0.15570288207728156]
[41, 52, 2, 90, 0.1564830224350755]
[30, 13, 0, 90, -0.029963301692391586]
[3, 47, 0, 90, 0.08823703771285425]
[11, 16, 2, 90, -0.09918222968435966]
[36, 12, 0, 90, 0.008573723391311499]
[8, 2, 1, 90, 0.02704596415329705]
[35, 39, 2, 90, 0.30790044966038216]
[50, 27, 2, 90, 0.13090366950221408]
[32, 51, 2, 90, 0.07528061236853988]
[35, 61, 2, 90, 0.13675979600630708]
[62, 22, 2, 90, 0.021382883752847966]
[38, 18, 2, 90, -0.2996152258812105]
[43, 49, 1, 90, -0.056626471820566134]
[9, 52, 0, 90, 0.06977223173327862]
[0, 14, 2, 90, 0.24882723862726158]
[19, 34, 0, 90, -0.04304419162091813]
[2, 46, 2, 90, 0.28432372998288524]
[5, 12, 1, 90, -0.16446746209435262]
[4, 19, 0, 90, -0.11723796430478993]
[54, 6, 2, 90, -0.021246884888633587]
[38, 33, 2, 180, -0.007551089657789882]
[16, 21, 2, 180, 0.015675264942038004]
[27, 10, 2, 180, -0.13967113609111426]
[4, 49, 0, 180, 0.09445398520393261]
[29, 58, 2, 180, 0.2663436657697111]
[36, 31, 1, 180, -0.10384190581070746]
[43, 38, 2, 180, -0.14236357637993446]
[44, 20, 2, 180, -0.24324286037227155]
[31, 0, 1, 180, -0.06315671290561155]
[58, 15, 1, 180, -0.2687946078661101]
[44, 35, 1, 180, -0.09807813182973414]
[11, 21, 2, 180, 0.044396500641876294]
[31, 24, 2, 180, -0.0033271167842235526]
[16, 57, 0, 180, 0.10839343928443881]
[26, 35, 1, 180, 0.1128334053665208]
[29, 55, 2, 180, 0.21932211412720604]
[8, 57, 0, 180, 0.0908263302239723]
[50, 57, 2, 180, 0.052651338542633014]
[3, 62, 1, 180, 0.2169003901585727]
[11, 61, 2, 180, 0.30644682904321474]
[49, 29, 1, 180, -0.17872491871482857]
[37, 4, 1, 180, -0.0907524416381428]
[0, 47, 2, 180, 0.22970418301092488]
[4, 31, 0, 180, 0.02193012044735744]
[32, 39, 1, 180, 0.0022253545068327504]
[47, 55, 2, 180, 0.12716085245007125]
[31, 6, 0, 180, -0.029043956484769134]
[35, 13, 2, 180, -0.20573100688573154]
[19, 7, 0, 180, 0.038783350903065186]
[0, 10, 2, 180, 0.017269875677348848]
[42, 35, 1, 180, -0.09432621813990327]
[24, 56, 1, 180, 0.22454357887384413]
[49, 36, 2, 180, -0.15122212899017146]
[1, 32, 2, 180, 0.15129909054671442]
[2, 55, 1, 180, 0.1856143955220488]
[21, 9, 0, 180, 0.007538175581943931]
[54, 44, 0, 180, -0.04193582849248085]
[7, 1, 1, 180, -0.003613426511920156]
[7, 52, 1, 180, 0.22207921097850744]
[27, 32, 1, 180, 0.0647373951021052]
[14, 7, 0, 180, 0.09834796543346269]
[30, 61, 0, 180, 0.127564686801372]
[37, 31, 1, 180, -0.07912768818166695]
[52, 38, 2, 180, -0.22316694257991546]
[55, 34, 1, 180, -0.1137411994859436]
[40, 3, 1, 180, -0.1511404359364667]
[41, 21, 0, 180, -0.12152517535139022]
[15, 46, 0, 180, 0.0420146633545813]
[17, 10, 1, 180, -0.03238378086140096]
[23, 3, 1, 180, 0.0053398344227703525]
[20, 34, 2, 180, 0.13907896878392512]
[39, 53, 1, 180, 0.11567183963210244]
[25, 33, 0, 180, 0.05521081055176524]
[23, 20, 0, 180, -0.03564606483147866]
[45, 51, 2, 180, 0.12641489958577223]
[3, 21, 2, 180, 0.039264351421160644]
[21, 12, 1, 180, -0.01059756776991257]
[24, 60, 2, 180, 0.2841093611666158]
[57, 13, 0, 180, -0.14076533249889556]
[10, 39, 1, 180, 0.11807501649699785]
[15, 45, 1, 180, 0.1575039989764566]
[45, 33, 0, 180, -0.05233918878043283]
[33, 45, 0, 180, 0.04203541475940736]
[39, 19, 1, 180, -0.10214418268519988]
[55, 33, 2, 180, -0.14861812143905018]
[42, 60, 1, 180, 0.10094834990497101]
[7, 50, 2, 180, 0.30306790178515786]
[37, 0, 1, 180, -0.13091332257259095]
[27, 4, 0, 180, 0.02873855365197204]
[4, 54, 0, 180, 0.10294256723671245]
[41, 18, 0, 180, -0.13972272508815836]
[10, 27, 0, 180, 0.006081743096598701]
[21, 62, 0, 180, 0.18500687038336566]
[19, 50, 1, 180, 0.21003056285005706]
[28, 46, 0, 180, 0.11718497838027277]
[10, 54, 0, 180, 0.12768144969780823]
[37, 55, 1, 180, 0.13485668945448212]
[34, 30, 0, 180, -0.04404446457458283]
[47, 32, 1, 180, -0.06540275640942737]
[37, 43, 1, 180, 0.09883783175134783]
[56, 37, 2, 180, -0.1711747423549641]
[23, 32, 1, 180, 0.10337032150298746]
[18, 20, 1, 180, 0.00040907233771292746]
[39, 22, 2, 180, -0.21239947108826404]
[20, 39, 2, 180, 0.12153205984236269]
[62, 36, 2, 180, -0.19455798505331742]
[61, 57, 1, 180, -0.009096121335780138]
[34, 1, 2, 180, -0.17301636636044526]
[24, 47, 0, 180, 0.0788401510268979]
[17, 2, 1, 180, -0.0029143980509641607]
[13, 38, 0, 180, 0.07266366004436478]
[60, 31, 2, 180, -0.2931357940929506]
[37, 31, 0, 180, -0.00936057656538933]
[48, 55, 2, 180, -0.007747147330610784]
[7, 26, 0, 180, -0.007385254615997498]
[18, 13, 2, 180, -0.07250030197415434]
[51, 47, 2, 180, -0.14418655118980603]
[52, 31, 1, 180, -0.19089869043449018]
[18, 40, 0, 180, 0.15017731185277358]
[31, 42, 2, 180, 0.1958092792148108]
[41, 22, 0, 180, -0.12090287515392237]
[9, 46, 0, 180, 0.1014134705571532]
[45, 21, 0, 180, -0.11806683697254337]
[5, 7, 0, 180, 0.038139777524301116]
[60, 28, 2, 180, -0.3349617422778871]
[15, 2, 2, 180, -0.001190912985145994]
[4, 26, 2, 180, 0.09474233001478516]
[12, 2, 2, 180, -0.02716242298598214]
[40, 32, 2, 180, -0.21056889817696708]
[61, 41, 2, 180, -0.139987401395223]
[47, 3, 0, 180, -0.0764784003864318]
[10, 9, 0, 180, 0.03874021434581377]
[42, 35, 0, 180, -0.08055908364697906]
[43, 20, 0, 180, -0.1207182153357614]
[40, 15, 2, 180, -0.2271760953231562]
[16, 35, 2, 180, 0.19361329635207647]
[60, 56, 1, 180, -0.0266291955846333]
[54, 19, 2, 180, -0.25104121256993706]
[35, 23, 2, 180, -0.20261825527658137]
[51, 61, 2, 180, 0.04610235440671208]
[42, 16, 1, 180, -0.16025339355504287]
[10, 16, 1, 270, 0.09905433549204601]
[28, 48, 0, 270, 0.13467159516078903]
[27, 31, 0, 270, 0.0009581606253822494]
[49, 37, 0, 270, -0.14983866665558732]
[39, 19, 0, 270, 0.030137853179216273]
[13, 14, 0, 270, 0.030672687267606268]
[51, 37, 2, 270, -0.1357207168739505]
[61, 17, 2, 270, 0.28290465721277386]
[13, 9, 1, 270, 0.22314355131420976]
[29, 37, 2, 270, -0.013559379210070477]
[6, 28, 2, 270, 0.14342955180588912]
[30, 2, 2, 270, 0.19165975208058902]
[32, 46, 1, 270, -0.2866351005824171]
[31, 50, 0, 270, 0.06553210790026838]
[53, 43, 0, 270, 0.05091446073975354]
[47, 52, 2, 270, 0.0793728252357813]
[7, 31, 2, 270, 0.020257084633070008]
[59, 23, 1, 270, -0.10990404366558967]
[43, 54, 1, 270, -0.13642173723013856]
[59, 11, 2, 270, 0.002369888676985516]
[37, 8, 0, 270, 0.14741692836086878]
[1, 0, 2, 270, 0.0900134414727202]
[20, 41, 1, 270, 0.1932554875057199]
[57, 41, 1, 270, -0.008269937693180487]
[20, 54, 0, 270, -0.019246330903028634]
[51, 23, 0, 270, -0.045106149644287864]
[16, 7, 1, 270, -0.22439914309557177]
[7, 56, 1, 270, 0.21954085945357463]
[37, 62, 1, 270, -0.05546072398597634]
[58, 16, 1, 270, 0.08651004809703812]
[9, 29, 1, 270, -0.19421954144886064]
[43, 34, 0, 270, 0.054368063839170255]
[19, 32, 1, 270, 0.173913959444414]
[48, 50, 1, 270, -0.17093663375736615]
[46, 28, 1, 270, 0.0743000854526388]
[60, 44, 0, 270, -0.0572718174282856]
[11, 39, 0, 270, -0.03293502205474835]
[38, 3, 0, 270, 0.07260963656143614]
[56, 1, 1, 270, -0.02190131132919656]
[7, 57, 0, 270, 0.09045634032131292]
[14, 32, 0, 270, 0.14313582687473642]
[30, 41, 0, 270, 0.13302872581569866]
[44, 49, 0, 270, 0.1424017261003763]
[7, 62, 2, 270, 0.012404652756539106]
[58, 16, 0, 270, 0.014896468669282042]
[39, 12, 1, 270, 0.03416541951159089]
[50, 40, 1, 270, 0.10368665902056609]
[21, 61, 2, 270, -0.029570659879488145]
[15, 56, 1, 270, 0.22267103444855496]
[6, 21, 0, 270, -0.07214172966494975]
[20, 8, 0, 270, 0.16166301969103372]
[57, 53, 2, 270, -0.30907801445140537]
[51, 53, 0, 270, -0.08906177965455067]
[1, 38, 0, 270, -0.14376115764116926]
[53, 21, 0, 270, -0.008710942264560683]
[15, 10, 1, 270, 0.12147816114784599]
[22, 24, 2, 270, 0.3427241418673122]
[48, 32, 2, 270, 0.018706561286213945]
[41, 54, 1, 270, -0.246077864054278]
[11, 32, 2, 270, 0.23262792292327567]
[25, 57, 2, 270, -0.057601860161947786]
[29, 51, 1, 270, 0.09046431180286509]
[45, 58, 0, 270, 0.15479042743921823]
[45, 4, 0, 270, 0.05161478126394375]
[6, 10, 1, 270, 0.11551677087853064]
[18, 58, 2, 270, -0.03424153359205655]
[40, 7, 2, 270, -0.34237288936536725]
[28, 53, 0, 270, -0.031897519920410775]
[30, 31, 0, 270, 0.07611393710081002]
[57, 47, 0, 270, -0.1403288889624965]
[23, 50, 2, 270, 0.2185322261893532]
[35, 46, 1, 270, -0.1553101596650965]
[26, 58, 0, 270, 0.007796629046147677]
[20, 54, 0, 270, -0.022978430383622326]
[24, 42, 1, 270, -0.10616940899032204]
[25, 15, 2, 270, -0.3075100157740086]
[8, 17, 2, 270, -0.07136123298152566]
[45, 15, 1, 270, -0.024165039399923885]
[59, 40, 1, 270, 0.12929759889592737]
[21, 33, 0, 270, 0.1449322457719321]
[25, 46, 2, 270, -0.30544899830318234]
[55, 52, 2, 270, 0.07100319117847109]
[53, 47, 1, 270, -0.01164276683502441]
[41, 52, 2, 270, -0.27983472255984276]
[7, 53, 0, 270, -0.049286099695352824]
[57, 25, 0, 270, -0.02307119687859456]
[27, 22, 0, 270, -0.06284063884031182]
[5, 51, 2, 270, 0.16452187794030054]
[21, 31, 1, 270, 0.019797307410749802]
[16, 54, 1, 270, -0.2580630162446397]
[6, 14, 0, 270, -0.09570228705848746]
[54, 43, 0, 270, 0.02807196106514961]
[51, 27, 1, 270, 0.023103111812766725]
[61, 26, 1, 270, 0.1854982937800423]
[30, 32, 1, 270, 0.2556186304991684]
[22, 4, 1, 270, 0.08082215852716516]
[25, 22, 2, 270, -0.31820727038213803]
[17, 44, 1, 270, -0.18819286350133255]
[3, 14, 0, 270, -0.11616221425905861]
[41, 1, 0, 270, 0.018073704258918452]
[50, 1, 1, 270, 0.05144785266818942]
[49, 34, 2, 270, -0.07625380998376684]
[15, 3, 0, 270, 0.04340237532042815]
[56, 7, 0, 270, -0.09986409416178871]
[24, 40, 1, 270, -0.025459713833340156]
[2, 60, 2, 270, -0.16534514860282692]
[43, 51, 2, 270, -0.021142395921066728]
[29, 28, 0, 270, 0.012715650517060289]
[61, 7, 0, 270, 0.03389735006562427]
[8, 9, 1, 270, -0.12379150800458344]
[35, 62, 1, 270, -0.1523573161965776]
[24, 8, 0, 270, 0.00634682737794679]
[21, 42, 2, 270, 0.2291252639967934]
[18, 56, 0, 270, 0.050154133935729074]
[13, 42, 0, 270, 0.10257561644657515]
[50, 42, 2, 270, 0.0076490291575056525]
[21, 12, 0, 270, 0.059852989444148484]
[6, 55, 2, 270, -0.01792957499802221]
[34, 56, 1, 270, 0.07385939694558223]
[0, 54, 1, 270, -0.2485226879049973]
[50, 38, 2, 270, -0.20843910167416255]
